0.100000
0.005000
0 0.015531 0.024111 -0.674462 -0.738309 1.000000 0.000500
1 0.008495 0.048925 -0.803195 -0.595716 1.000000 0.000500
2 -0.019163 0.040227 0.868224 -0.496172 1.000000 0.000500
3 -0.019813 0.017533 0.939568 0.342362 1.000000 0.000500
4 -0.024542 -0.017882 0.991881 0.127168 1.000000 0.000500
5 0.046773 -0.011396 -0.992690 0.120692 1.000000 0.000500
6 -0.043937 0.014599 -0.892831 -0.450392 1.000000 0.000500
7 0.031934 0.035945 0.039044 -0.999238 1.000000 0.000500
8 0.019725 0.036708 -0.211785 -0.977316 1.000000 0.000500
9 -0.027562 0.036239 -0.294807 0.955557 1.000000 0.000500
10 0.011477 0.025512 -0.467625 0.883927 1.000000 0.000500
11 -0.012377 0.040257 -0.470736 -0.882274 1.000000 0.000500
12 -0.027522 -0.012616 -0.189168 -0.981945 1.000000 0.000500
13 0.016904 0.013316 -0.653321 -0.757081 1.000000 0.000500
14 0.021957 -0.026503 -0.077174 -0.997018 1.000000 0.000500
15 0.030718 -0.014320 0.485973 0.873974 1.000000 0.000500
16 -0.013492 0.017016 -0.667357 -0.744738 1.000000 0.000500
17 -0.019949 0.028410 0.999984 -0.005639 1.000000 0.000500
18 -0.018260 -0.007376 0.096119 -0.995370 1.000000 0.000500
19 0.024716 0.019841 0.996180 0.087329 1.000000 0.000500
20 -0.024523 -0.035503 0.824894 0.565288 1.000000 0.000500
21 0.020320 -0.034877 -0.150297 -0.988641 1.000000 0.000500
22 0.021592 -0.036861 0.932487 -0.361204 1.000000 0.000500
23 0.007190 0.009403 0.776055 0.630665 1.000000 0.000500
24 -0.032117 0.029105 0.009233 -0.999957 1.000000 0.000500
25 -0.032822 -0.023061 -0.263182 -0.964746 1.000000 0.000500
26 -0.010088 0.012506 0.040523 0.999179 1.000000 0.000500
27 0.007169 -0.020152 -0.541190 0.840900 1.000000 0.000500
28 -0.030810 0.007378 0.766885 -0.641785 1.000000 0.000500
29 -0.018868 -0.009887 0.762144 -0.647408 1.000000 0.000500
30 0.018247 0.039831 -0.279530 0.960137 1.000000 0.000500
31 0.034487 0.031117 -0.745208 -0.666833 1.000000 0.000500
32 0.044249 -0.016554 0.506488 -0.862247 1.000000 0.000500
33 -0.010046 -0.011206 0.996776 0.080241 1.000000 0.000500
34 0.041324 0.026550 0.088518 -0.996075 1.000000 0.000500
35 -0.034257 -0.032411 0.960446 0.278468 1.000000 0.000500
36 -0.018812 -0.028483 0.455391 -0.890292 1.000000 0.000500
37 0.008516 0.045310 -0.049989 0.998750 1.000000 0.000500
38 -0.009583 -0.034670 -0.682827 -0.730580 1.000000 0.000500
39 -0.026499 0.030535 -0.976174 0.216991 1.000000 0.000500
40 0.006148 0.034424 0.992720 -0.120443 1.000000 0.000500
41 -0.024773 0.005410 0.873674 0.486512 1.000000 0.000500
42 0.027105 -0.036872 -0.219741 0.975558 1.000000 0.000500
43 0.015463 0.041720 0.529167 -0.848518 1.000000 0.000500
44 -0.005544 -0.030164 -0.954703 -0.297562 1.000000 0.000500
45 -0.040136 0.007031 0.978805 0.204793 1.000000 0.000500
46 -0.037694 -0.026253 0.191657 0.981462 1.000000 0.000500
47 -0.014205 0.039896 -0.858516 0.512787 1.000000 0.000500
48 0.016947 0.026809 -0.248346 -0.968671 1.000000 0.000500
49 -0.026567 -0.010732 -0.382786 0.923837 1.000000 0.000500
50 -0.025952 0.038189 -0.299086 0.954226 1.000000 0.000500
51 0.005056 -0.046507 -0.991600 0.129345 1.000000 0.000500
52 -0.030112 -0.029159 0.667256 0.744828 1.000000 0.000500
53 0.033891 -0.035747 -0.939034 0.343824 1.000000 0.000500
54 0.012862 0.039215 0.341353 0.939935 1.000000 0.000500
55 -0.021875 -0.018303 -0.242245 -0.970215 1.000000 0.000500
56 -0.037810 -0.019713 -0.778179 0.628043 1.000000 0.000500
57 -0.040568 0.005974 -0.032665 -0.999466 1.000000 0.000500
58 0.028541 -0.011033 -0.600705 0.799471 1.000000 0.000500
59 0.045235 -0.016278 -0.044390 0.999014 1.000000 0.000500
60 -0.030837 0.023633 -0.461395 0.887195 1.000000 0.000500
61 -0.040064 0.027557 -0.140744 0.990046 1.000000 0.000500
62 0.013912 0.042643 -0.518146 -0.855292 1.000000 0.000500
63 -0.029170 0.025549 -0.744507 0.667615 1.000000 0.000500
64 -0.023334 0.033972 -0.562701 0.826661 1.000000 0.000500
65 0.022609 0.039535 0.592090 0.805872 1.000000 0.000500
66 0.037738 0.019321 -0.808527 -0.588459 1.000000 0.000500
67 -0.010139 0.014472 -0.804512 -0.593937 1.000000 0.000500
68 0.025230 0.039303 0.709267 0.704940 1.000000 0.000500
69 -0.026379 0.016148 -0.916187 0.400750 1.000000 0.000500
70 -0.035309 -0.030368 -0.944125 -0.329587 1.000000 0.000500
71 -0.031983 0.013985 0.282718 -0.959203 1.000000 0.000500
72 0.015669 0.020613 0.523983 0.851729 1.000000 0.000500
73 -0.025191 0.020438 -0.934725 -0.355372 1.000000 0.000500
74 -0.020398 -0.027360 -0.999250 0.038728 1.000000 0.000500
75 -0.007683 0.033901 -0.597082 -0.802180 1.000000 0.000500
76 -0.020799 -0.013125 -0.369718 -0.929144 1.000000 0.000500
77 -0.043222 -0.007124 -0.503798 0.863822 1.000000 0.000500
78 -0.015463 -0.009597 0.591886 0.806022 1.000000 0.000500
79 -0.024388 -0.020100 -0.327617 -0.944811 1.000000 0.000500
80 0.007251 -0.012057 0.875148 -0.483855 1.000000 0.000500
81 -0.037096 -0.016942 -0.580880 0.813989 1.000000 0.000500
82 -0.012522 -0.043611 0.992647 -0.121048 1.000000 0.000500
83 0.012313 -0.047097 -0.154534 -0.987987 1.000000 0.000500
84 -0.041492 0.008214 0.999201 -0.039958 1.000000 0.000500
85 -0.020999 -0.024037 -0.440115 -0.897942 1.000000 0.000500
86 0.017378 -0.035980 0.495838 -0.868415 1.000000 0.000500
87 -0.009928 -0.021920 -0.992478 -0.122422 1.000000 0.000500
88 0.016003 -0.016174 0.261230 0.965277 1.000000 0.000500
89 0.005093 0.037544 0.946094 -0.323892 1.000000 0.000500
90 -0.012809 -0.017816 0.975984 0.217841 1.000000 0.000500
91 -0.030344 -0.018997 -0.952422 -0.304783 1.000000 0.000500
92 0.036288 0.014903 0.841450 -0.540335 1.000000 0.000500
93 0.044805 -0.007390 0.916649 0.399692 1.000000 0.000500
94 -0.026307 -0.033413 -0.821558 0.570126 1.000000 0.000500
95 0.011029 -0.019418 0.414872 0.909880 1.000000 0.000500
96 -0.021868 -0.032457 0.897706 -0.440595 1.000000 0.000500
97 0.026485 0.021792 -0.987340 -0.158620 1.000000 0.000500
98 0.034971 0.029718 0.756053 0.654511 1.000000 0.000500
99 0.036173 0.034026 0.895034 -0.445999 1.000000 0.000500
100 -0.009803 -0.017050 0.951367 0.308059 1.000000 0.000500
101 -0.021445 -0.043894 0.996796 0.079990 1.000000 0.000500
102 0.022227 0.011265 0.586036 0.810285 1.000000 0.000500
103 -0.014716 -0.028354 -0.995906 -0.090398 1.000000 0.000500
104 0.031521 -0.013392 0.654175 -0.756344 1.000000 0.000500
105 -0.027798 0.021200 0.999096 0.042512 1.000000 0.000500
106 0.034826 -0.013513 -0.429356 0.903135 1.000000 0.000500
107 -0.009047 -0.006144 0.803611 0.595155 1.000000 0.000500
108 0.034840 -0.016613 0.999985 -0.005533 1.000000 0.000500
109 0.022295 -0.041156 -0.688723 -0.725025 1.000000 0.000500
110 -0.029893 -0.030352 0.866629 0.498953 1.000000 0.000500
111 0.005054 -0.028120 0.910436 0.413649 1.000000 0.000500
112 0.018313 0.036273 0.470543 -0.882377 1.000000 0.000500
113 -0.010224 -0.047883 0.981254 0.192719 1.000000 0.000500
114 -0.013531 -0.015048 -0.459876 0.887983 1.000000 0.000500
115 0.028292 -0.021517 -0.443840 0.896106 1.000000 0.000500
116 0.033685 -0.019997 -0.910729 -0.413004 1.000000 0.000500
117 -0.019862 -0.039338 0.668787 0.743454 1.000000 0.000500
118 0.008018 0.024323 -0.202841 -0.979212 1.000000 0.000500
119 -0.036812 0.008769 -0.394847 0.918747 1.000000 0.000500
120 0.041885 -0.011024 -0.723161 -0.690679 1.000000 0.000500
121 0.022877 0.021662 0.821737 -0.569866 1.000000 0.000500
122 0.010903 -0.048736 0.068512 0.997650 1.000000 0.000500
123 0.006422 -0.006414 -0.316254 0.948675 1.000000 0.000500
124 0.016703 -0.026803 0.743681 -0.668535 1.000000 0.000500
125 0.025379 0.023430 -0.949995 0.312264 1.000000 0.000500
126 -0.024099 -0.026683 -0.838288 0.545227 1.000000 0.000500
127 0.005694 -0.024421 -0.536304 0.844025 1.000000 0.000500
128 0.024624 -0.022971 -0.625861 0.779935 1.000000 0.000500
129 0.018067 -0.026089 -0.322609 -0.946532 1.000000 0.000500
130 0.026470 -0.031576 -0.261895 -0.965096 1.000000 0.000500
131 -0.038527 0.024221 0.870873 -0.491507 1.000000 0.000500
132 -0.024420 0.036367 -0.667577 -0.744541 1.000000 0.000500
133 -0.006152 0.045505 0.873121 0.487504 1.000000 0.000500
134 0.032633 -0.010865 0.280770 -0.959775 1.000000 0.000500
135 -0.032277 0.034523 0.376413 -0.926452 1.000000 0.000500
136 -0.042820 -0.016530 0.884601 0.466348 1.000000 0.000500
137 -0.019186 0.015434 -0.033916 -0.999425 1.000000 0.000500
138 -0.037531 0.007396 0.984221 -0.176941 1.000000 0.000500
139 0.038215 0.011997 -0.772626 0.634861 1.000000 0.000500
140 0.034649 -0.034006 -0.974451 -0.224599 1.000000 0.000500
141 0.013336 0.005792 -0.411070 0.911604 1.000000 0.000500
142 0.029847 -0.031225 0.822734 0.568426 1.000000 0.000500
143 -0.045018 -0.015213 0.058674 0.998277 1.000000 0.000500
144 0.010588 0.007709 0.780767 0.624822 1.000000 0.000500
145 -0.016750 0.026080 0.992379 0.123220 1.000000 0.000500
146 -0.007539 -0.019478 0.640687 0.767802 1.000000 0.000500
147 0.044674 0.013845 0.028102 -0.999605 1.000000 0.000500
148 0.026456 0.025336 0.681305 0.731999 1.000000 0.000500
149 -0.024525 0.041494 0.703654 -0.710543 1.000000 0.000500
150 -0.008518 0.019831 -0.983291 0.182039 1.000000 0.000500
151 0.017502 -0.012338 0.938231 -0.346011 1.000000 0.000500
152 -0.043100 -0.021381 -0.961314 -0.275456 1.000000 0.000500
153 -0.029668 0.013225 -0.979881 0.199583 1.000000 0.000500
154 -0.014413 0.021348 -0.938456 0.345400 1.000000 0.000500
155 -0.012179 -0.042388 -0.411967 -0.911199 1.000000 0.000500
156 0.010342 -0.041206 -0.478258 0.878219 1.000000 0.000500
157 0.028779 0.034294 -0.056242 -0.998417 1.000000 0.000500
158 0.014118 0.031090 0.916454 -0.400141 1.000000 0.000500
159 -0.018170 0.035576 -0.987126 0.159946 1.000000 0.000500
160 -0.036231 -0.015818 0.721313 -0.692609 1.000000 0.000500
161 0.024565 -0.009687 0.853366 -0.521312 1.000000 0.000500
162 0.013881 -0.028406 -0.273548 -0.961858 1.000000 0.000500
163 0.019704 0.031173 0.744426 0.667705 1.000000 0.000500
164 0.009705 -0.020783 0.922874 -0.385102 1.000000 0.000500
165 -0.031298 0.015127 -0.285198 -0.958469 1.000000 0.000500
166 -0.031952 0.012130 0.946746 0.321981 1.000000 0.000500
167 0.027615 0.030017 0.146480 -0.989214 1.000000 0.000500
168 0.022996 0.010204 0.409214 -0.912439 1.000000 0.000500
169 0.020944 0.011498 0.316558 0.948573 1.000000 0.000500
170 -0.006066 0.026872 -0.725881 -0.687820 1.000000 0.000500
171 0.036491 0.010789 -0.179214 -0.983810 1.000000 0.000500
172 -0.009133 0.012967 -0.738802 0.673922 1.000000 0.000500
173 0.032408 0.015059 -0.390548 0.920582 1.000000 0.000500
174 -0.026885 0.017236 0.192897 -0.981219 1.000000 0.000500
175 0.015894 0.017699 0.031830 0.999493 1.000000 0.000500
176 0.013251 -0.021196 0.080201 -0.996779 1.000000 0.000500
177 -0.027476 -0.029666 0.633908 0.773409 1.000000 0.000500
178 -0.017439 0.008790 -0.610664 0.791890 1.000000 0.000500
179 0.029989 0.016891 -0.858954 0.512053 1.000000 0.000500
180 0.009657 0.014650 0.987763 0.155960 1.000000 0.000500
181 0.017232 -0.040875 0.561200 0.827680 1.000000 0.000500
182 -0.024505 0.028409 -0.603704 0.797208 1.000000 0.000500
183 0.031794 -0.028496 0.510346 -0.859969 1.000000 0.000500
184 -0.018134 -0.021848 -0.399212 0.916859 1.000000 0.000500
185 -0.034220 0.020961 -0.592555 -0.805530 1.000000 0.000500
186 -0.033496 0.033968 -0.994424 0.105451 1.000000 0.000500
187 0.028942 0.012523 0.360803 0.932642 1.000000 0.000500
188 -0.011221 0.006619 -0.964803 0.262974 1.000000 0.000500
189 -0.015069 -0.032264 -0.956693 -0.291100 1.000000 0.000500
190 0.023021 0.028489 -0.983928 -0.178566 1.000000 0.000500
191 -0.021089 -0.031399 0.919857 0.392253 1.000000 0.000500
192 0.006389 0.027067 -0.456805 -0.889567 1.000000 0.000500
193 0.029910 -0.022570 0.537462 0.843288 1.000000 0.000500
194 -0.038425 0.031085 -0.874298 -0.485389 1.000000 0.000500
195 0.032071 0.024085 -0.050943 0.998702 1.000000 0.000500
196 0.007131 0.023248 -0.590552 0.807000 1.000000 0.000500
197 0.007196 -0.022337 0.517586 0.855631 1.000000 0.000500
198 0.010124 -0.043681 -0.954929 0.296834 1.000000 0.000500
199 -0.028893 0.027020 0.112514 -0.993650 1.000000 0.000500
200 -0.007684 -0.042672 -0.377159 -0.926149 1.000000 0.000500
201 0.033551 0.035830 -0.572984 -0.819567 1.000000 0.000500
